sacre_bleu1: 42.14650507820182
sacre_bleu2: 27.41249927860621
sacre_bleu3: 18.390868257154317
sacre_bleu4: 12.896560277947557
