Bleu_1: 0.39674409033910685
Bleu_2: 0.2549962616392291
Bleu_3: 0.16930196715685822
Bleu_4: 0.11739195123723936
METEOR: 0.19080518735505994
ROUGE_L: 0.37532231813149686
