Bleu_1: 0.46933618842455527
Bleu_2: 0.34433763377158383
Bleu_3: 0.27044992004887947
Bleu_4: 0.2223034365074214
METEOR: 0.2158879337586476
ROUGE_L: 0.4753008529891727
