sacre_bleu1: 41.435567479813365
sacre_bleu2: 26.20116870887564
sacre_bleu3: 17.29011052298313
sacre_bleu4: 11.787667455967165
