Bleu_1: 0.3855536277038004
Bleu_2: 0.24186292367960174
Bleu_3: 0.1580169994972672
Bleu_4: 0.1055873603205827
METEOR: 0.18534377705115462
ROUGE_L: 0.3766803716344115
