Bleu_1: 0.45293683737868085
Bleu_2: 0.32321541225407135
Bleu_3: 0.2482275092413295
Bleu_4: 0.20096972492998777
METEOR: 0.20367700198143462
ROUGE_L: 0.44217233389401034
