Bleu_1: 0.3764101330265248
Bleu_2: 0.2428190685614041
Bleu_3: 0.16377389708519016
Bleu_4: 0.11483711944229447
METEOR: 0.1827228839388434
ROUGE_L: 0.3642896948520297
