sacre_bleu1: 40.088775483670105
sacre_bleu2: 25.779041114755124
sacre_bleu3: 17.233904834319578
sacre_bleu4: 11.933089860034315
