Bleu_1: 0.37584705460520457
Bleu_2: 0.2385211756329322
Bleu_3: 0.1565685780969773
Bleu_4: 0.10596759606284148
METEOR: 0.18118599677844108
ROUGE_L: 0.36396261824819287
