Bleu_1: 0.4627187379197035
Bleu_2: 0.34403660522563456
Bleu_3: 0.27289510147064006
Bleu_4: 0.22685110406082654
METEOR: 0.21360030229252788
ROUGE_L: 0.47191488316139113
