Bleu_1: 0.4023047516230759
Bleu_2: 0.262046111436541
Bleu_3: 0.17513154874557285
Bleu_4: 0.12095418106323619
METEOR: 0.19508160697592106
ROUGE_L: 0.3855163843520255
