Bleu_1: 0.4769301050707541
Bleu_2: 0.3476536083972309
Bleu_3: 0.26934656477291585
Bleu_4: 0.21953717235564998
METEOR: 0.22472287031635943
ROUGE_L: 0.477737708718773
