Bleu_1: 0.4763909431893682
Bleu_2: 0.35529683922289507
Bleu_3: 0.2827943925796095
Bleu_4: 0.2355070757561928
METEOR: 0.22191699889014196
ROUGE_L: 0.48546221692074226
